17.98227716915541 412.11354436879077 -0.052554726768464816 -0.3332580623267622 14.93656582706849 14.93656582706849
268.4738522523084 121.66919081836261 0.34534979311211855 -0.28095213539781294 9.843574972780745 9.843574972780745
256.3566773394333 259.76784447517804 -0.04386388763402885 0.05433115457053486 10.960834339164766 10.960834339164766
419.67083687564383 263.3194323247091 0.2073012359623324 0.24109505240890977 6.72519193771309 6.72519193771309
320.16435822348996 489.4133515655762 0.12365895906829938 0.41131080881295795 13.078777811996844 13.078777811996844
385.2564951677578 422.6863014148335 0.09324816356731808 0.014934635605890478 13.068746988639841 13.068746988639841
317.56130232330065 131.6685809622637 0.18816682155163955 -0.5567595497824972 5.780832305221427 5.780832305221427
480.13987869986386 157.5683145301719 0.10161368428245127 -0.12834362216649764 18.516857267740647 18.516857267740647
386.7053711594183 457.76320233713153 -0.21921530925593624 -0.1321382230657624 14.202667896752281 14.202667896752281
313.3259503114053 77.46314618847393 0.2779268610587101 0.16921066818954944 10.557390365889585 10.557390365889585
111.51737368802323 159.52936322389363 -0.008685378576713143 -0.3863520221338582 13.897093720680607 13.897093720680607
295.5822555728915 469.14245152281654 -0.5653138493372867 0.2874169977531124 9.714507756106757 9.714507756106757
269.1281920159446 478.49113869486735 0.06385252315975803 0.2108398073298688 14.742462056240457 14.742462056240457
63.968654399706786 17.355468500894 0.1415732093664956 0.09400453053088344 8.97523995043008 8.97523995043008
467.90774967620496 419.3530455062084 0.10347513925806745 0.24429369975429743 15.438861092138605 15.438861092138605
243.8587719854292 240.69380183034087 -0.4170407710599756 -0.04603164773691737 9.393689019034664 9.393689019034664
259.46270810430656 80.61183265115383 -0.012288829504898569 -0.2837608914864698 18.563326788814756 18.563326788814756
