32.984318874028226 233.7359220459865 -0.004878539716253141 -0.07152141598646158 15.7918244506971 15.7918244506971
199.432047743797 170.19875677909994 -0.14318432664933908 -0.30737114959810413 18.883434379535267 18.883434379535267
256.2838911566806 84.925474240281 0.2624447950290414 -0.23380344758754915 8.121401456019886 8.121401456019886
470.98268334443566 174.12157397841827 0.2906192416823948 -0.014343967647159228 6.06673685759632 6.06673685759632
324.98635133569394 77.12418869871362 0.008908821034253445 0.19180208919611716 14.107825698717363 14.107825698717363
346.26296269077284 302.91694490689287 -0.19206416043235014 -0.15719942840228532 17.01833911488011 17.01833911488011
277.667150389486 73.08157087167605 0.3095981473867164 0.12739140898420276 5.357554840274159 5.357554840274159
26.020122028844668 137.08703461451367 -0.165706783054559 -0.1379890912257804 7.051582038105603 7.051582038105603
382.25912226625036 192.82537970991058 0.2658791725835315 0.49383780975636504 7.75855269840142 7.75855269840142
75.4539730944469 78.96444761583658 0.21814298041357177 0.3633311197658956 7.522419853218017 7.522419853218017
477.88964916898544 380.56871386104245 0.03173516286727806 0.24173948621741914 11.397841671941297 11.397841671941297
72.96563086401716 351.36609621227115 -0.4450045652830736 -0.18149782441312107 7.59662704822601 7.59662704822601
490.5280272987957 439.14495556747954 0.24992199351161998 -0.372630134971472 5.314609248981105 5.314609248981105
