380.52168451652983 451.3191226155122 0.10303239302495201 -0.2640484101889772 15.7918244506971 15.7918244506971
282.19787075613044 42.47705345269676 0.44220619245874176 0.08841922758204754 18.883434379535267 18.883434379535267
55.782579389618355 11.332054214921447 0.27028344683400096 0.0598159271973366 8.121401456019886 8.121401456019886
322.04848888472634 287.87341796541887 -0.041616055727116213 0.19855682528093646 6.06673685759632 6.06673685759632
81.33621369312812 219.36399990180706 -0.21502446236998723 -0.07072429274662712 14.107825698717363 14.107825698717363
310.66845628561515 246.03736467428593 -0.4900304706307517 -0.09757261898323735 17.01833911488011 17.01833911488011
57.77871008290354 280.74231351389676 -0.038348280558985925 0.16226054154427408 5.357554840274159 5.357554840274159
305.2394068569975 376.14466633652 -0.0893639947317803 -0.11466909342383505 7.051582038105603 7.051582038105603
349.80420397687755 268.8381675928141 0.25362001178509086 -0.24860451010763143 7.75855269840142 7.75855269840142
83.70658146703147 245.1526680482044 0.018204386863025578 0.1211152049801606 7.522419853218017 7.522419853218017
14.899213494031235 402.68619643389957 -0.00495775951349095 -0.46848157195423207 11.397841671941297 11.397841671941297
