349.56974434613636 259.44800814858934 -0.17193758405753262 -0.08085541031074611 15.7918244506971 15.7918244506971
465.2054619097611 262.2064689142961 -0.06471773557026014 -0.2659859360637572 18.883434379535267 18.883434379535267
449.63967586172436 8.526044147280375 -0.15146299673212169 0.08089310486529283 8.121401456019886 8.121401456019886
374.0027697474429 54.62913950730567 0.34154466373928044 -0.10973064238866623 6.06673685759632 6.06673685759632
216.95392098305086 25.861518939233672 0.22500760811060408 -0.4599008807238008 14.107825698717363 14.107825698717363
393.63169185110553 153.31054400971527 -0.19871958084117355 -0.3137050784816944 17.01833911488011 17.01833911488011
106.91466982217105 336.31767325479217 -0.0026661442269078905 -0.30764571552861963 5.357554840274159 5.357554840274159
48.41120143556538 336.51694100910555 -0.1298855606893499 0.028912405822265952 7.051582038105603 7.051582038105603
151.90272982845923 145.70612077724712 0.2550839922185899 -0.11174963525021556 7.75855269840142 7.75855269840142
391.5300454636643 438.7960268827292 -0.17489728181184286 0.038982486914382414 7.522419853218017 7.522419853218017
32.71740118550703 176.87807875195045 -0.00495775951349095 -0.46848157195423207 11.397841671941297 11.397841671941297
