419.6770811082529 474.44258167614316 -0.3733675340449811 0.06714366406513003 16.4147801022756 16.4147801022756
418.09118884441074 50.388036601571606 0.3140105308559219 0.11151725046520078 12.314387063689523 12.314387063689523
321.7004757914185 375.0789060401353 0.1647504629237735 0.1351130535673302 12.268510639818752 12.268510639818752
64.97568913180075 76.82235751470955 -0.5765880649973762 0.1155466489735748 11.748305829243389 11.748305829243389
57.77700909364733 398.9731372720596 0.42449017223919777 0.2940475018395642 8.176723468112437 8.176723468112437
224.34819250711638 412.26025726087175 0.30208745166682277 0.027231403437617513 11.566790118356598 11.566790118356598
397.0272132001216 444.10212633982013 0.38246278162271086 -0.410672158650771 10.899106864488317 10.899106864488317
60.96236151719371 240.55763986553447 -0.11815736787443587 -0.09870540225635133 18.78841629532405 18.78841629532405
101.10930527456085 445.74265662842737 -0.046479061025849644 -0.17161377817951434 12.819181493089689 12.819181493089689
343.01140493693947 427.23504191828613 0.09386251125173568 -0.06862345259646074 14.815291970304116 14.815291970304116
245.60946713468527 297.04456857075326 0.13106751087471322 -0.6119041511039215 8.32854533217731 8.32854533217731
167.68508410613268 256.6427360123913 8.019249296032926E-4 -0.035255350847137046 13.00214950621867 13.00214950621867
237.05365721607927 253.1828076190544 -0.07579495676423251 -0.08276187095057147 7.480302573290561 7.480302573290561
394.65064034159286 311.265351041129 0.28235784926119456 -0.1143254640885521 19.402766745873492 19.402766745873492
