200.32792138417477 189.26551199887342 -0.17193758405753262 -0.08085541031074611 15.7918244506971 15.7918244506971
409.0304674347425 31.330676410944577 -0.06471773557026014 -0.2659859360637572 18.883434379535267 18.883434379535267
393.0069937725201 62.25820843217025 0.27987532646249447 -0.014110069418189236 8.121401456019886 8.121401456019886
317.6479002304703 52.65398794430963 -0.34154466373928044 0.10973064238866623 6.06673685759632 6.06673685759632
412.26052482302595 401.1406376098608 0.22500760811060408 0.4599008807238008 14.107825698717363 14.107825698717363
221.14309568098122 152.99683893123358 -0.19871958084117355 0.3137050784816944 17.01833911488011 17.01833911488011
104.60045663321546 69.28119217596304 -0.0026661442269078905 -0.30764571552861963 5.357554840274159 5.357554840274159
78.41476595480574 361.6129092627851 0.1298855606893499 0.028912405822265952 7.051582038105603 7.051582038105603
298.4784359999406 65.19048811824379 -0.17625433097602627 -0.01674646096673349 7.75855269840142 7.75855269840142
239.7192048510087 472.63282552442166 -0.17489728181184286 0.038982486914382414 7.522419853218017 7.522419853218017
28.414065927799655 252.30361183657897 -0.00495775951349095 0.46848157195423207 11.397841671941297 11.397841671941297
