246.46810250312967 374.77818428183906 0.36472321652145856 0.16665660804282284 15.7918244506971 15.7918244506971
224.29552455960106 187.38478261915216 -0.10795258083775366 -0.1341250853611949 18.883434379535267 18.883434379535267
268.32253583347546 45.99635342770124 -0.27987532646249447 -0.014110069418189236 8.121401456019886 8.121401456019886
145.19905814093346 48.113617195388784 -0.14210247900528566 -0.008398244989019157 6.06673685759632 6.06673685759632
481.77409224667673 138.23822914220412 -0.2550740508990691 -0.21355465675552676 14.107825698717363 14.107825698717363
129.2524340010669 263.9823671498309 -0.4427807621194273 0.2199578575848035 17.01833911488011 17.01833911488011
67.3622145722324 64.12279914096919 0.2542022380013892 -0.06077950310703495 5.357554840274159 5.357554840274159
228.10787464927083 394.93445697288377 0.1298855606893499 0.028912405822265952 7.051582038105603 7.051582038105603
32.4061866187326 408.87786753076216 -0.12416042193553972 0.4698076450466065 7.75855269840142 7.75855269840142
38.15008756284783 467.4286635213503 -0.17489728181184286 -0.038982486914382414 7.522419853218017 7.522419853218017
22.700248088505013 185.0765062611492 -0.00495775951349095 -0.46848157195423207 11.397841671941297 11.397841671941297
