359.6147417424886 432.91595984991744 -0.0862780303439501 -0.006974967939523541 15.7918244506971 15.7918244506971
104.89997015302771 39.042438209674366 -0.10795258083775366 -0.1341250853611949 18.883434379535267 18.883434379535267
57.29653968074928 30.390616651179077 0.27987532646249447 -0.014110069418189236 8.121401456019886 8.121401456019886
260.8370749186451 181.23788711564094 0.15044803955508945 0.2314382896403282 6.06673685759632 6.06673685759632
199.66219195227234 126.06561370713816 -0.2550740508990691 0.21355465675552676 14.107825698717363 14.107825698717363
426.56066258977563 291.65256404894865 0.4900304706307517 -0.09757261898323735 17.01833911488011 17.01833911488011
75.706531244228 204.8855103419456 -0.038348280558985925 0.16226054154427408 5.357554840274159 5.357554840274159
330.6906398104952 403.358535897019 -0.14855962548815857 -0.13076923428103335 7.051582038105603 7.051582038105603
300.8734700567086 386.22111553153394 0.3100619706281656 0.005637544518675819 7.75855269840142 7.75855269840142
57.41401330165069 314.75116329892325 0.05825397539210744 -0.16316374452199328 7.522419853218017 7.522419853218017
17.216966066587553 355.6037984524953 -0.00495775951349095 0.46848157195423207 11.397841671941297 11.397841671941297
