458.3111412503538 251.96257292286597 0.10303239302495201 -0.2640484101889772 15.7918244506971 15.7918244506971
346.31776866265614 109.23357027714526 -0.44220619245874176 0.08841922758204754 18.883434379535267 18.883434379535267
259.8465817492987 56.49307924890921 0.27028344683400096 0.0598159271973366 8.121401456019886 8.121401456019886
290.6283668107627 437.78382105249 -0.041616055727116213 0.19855682528093646 6.06673685759632 6.06673685759632
31.5545060283103 113.01076546746339 0.1649609407146269 -0.24596818050106348 14.107825698717363 14.107825698717363
83.33854078969605 243.96800798131545 0.0230741690465584 0.15997403799293622 17.01833911488011 17.01833911488011
28.8257582608651 403.2490223797996 -0.038348280558985925 0.16226054154427408 5.357554840274159 5.357554840274159
237.7695908344901 289.5695008015514 -0.0893639947317803 -0.11466909342383505 7.051582038105603 7.051582038105603
443.38998832556985 81.14176246156204 -0.25362001178509086 -0.24860451010763143 7.75855269840142 7.75855269840142
97.45089354862142 336.5946478082065 0.018204386863025578 0.1211152049801606 7.522419853218017 7.522419853218017
41.8299936376321 30.29988099511248 0.13807699610618693 -0.5507843411759693 11.397841671941297 11.397841671941297
